"Story","Title","Result","Date","Stability","Duration (s)"
"Workflow","Change address","ERROR","2022-12-12T20:41:28.3153669+08:00[Asia/Manila]","0.0","321.76"
